15.2
14.3
14.63
19.81
16.08
12.29
10.95
13.21
5.31
15.74
12.43
9.88
11.94
9.79
12
12.65
16.16
6.28
11.88
16.83
5.21
10.05
9.16
22.68
23.09
12.22
16.4
16.81
18.47
12.06
29.27
22.07
9.97
14
21.05
12.05
18.75
9.85
8.25
21
17.91
10.23
14.87
15.68
6.87
17.92
17.17
20.19
13.98
20.45
10.35
15.56
13.11
13.87
10.46
16.67
11.78
9.13
11.28
10.29
16
7.76
26.13
9.13
22.03
12.44
6.57
23.44
19.14
16.19
12.57
11.52
18.25
18.5
10.35
13.17
9.82
3.11
15.03
6.13
16.63
9.67
17.93
12.59
10.21
12.46
11.25
11.13
12.56
12.37
6.95
8.47
3.93
9.66
2.39
15.02
12.36
4.1
8.65
15.49
7.37
3.8
12.08
7.41
12.1
9.9
7.91
10.03
12.4
12.05
13.39
8.92
5.51
8.38
5.1
4.21
8.33
10.18
8.41
11.84
3.26
6.21
6.88
7
7.13
6.91
4.7
14.51
10.75
10.59
13.66
8.93
11.58
14.29
8.17
7.06
12.68
7.99
9.64
12.19
6.09
9.34
14.25
3.25
9.54
7.25
5.55
5.4
14.04
7.17
11.38
7.51
11.38
17.16
11.13
20.34
17.89
11.46
6.24
19.71
8.14
4.65
13.79
7.89
21.5
12.24
18.97
18.04
6.17
15.19
4.67
19.54
16.24
18.58
19.38
15.32
14.84
12.56
15.91
4.29
12.14
7.02
15.65
6.83
4.41
14.25
8.18
17.44
11.27
12.76
10.53
11.76
11.22
NA
10.88
