NA
NA
526
1838
1291
1323
1556
1314
783
1265
1276
1104
1187
1033
1414
1206
1113
1793
NA
1301
1166
1254
1831
1450
1659
1470
1543
1432
1855
1232
1770
1299
686
1153
1153
1399
1236
1004
476
2117
2417
1436
731
1031
978
1935
NA
40
1088
1138
NA
1799
1411
1327
977
1019
1851
616
1462
1292
688
1004
1190
619
1387
227
1266
2142
1662
1616
1558
893
1479
1600
1018
1330
1751
527
1204
658
NA
1291
1670
1255
948
1296
1097
NA
821
1103
318
288
1038
1583
930
1488
1225
NA
NA
1376
1095
417
1193
836
1705
820
1209
754
NA
1011
1682
1387
712
1031
986
394
422
1953
1138
1342
1463
997
459
1042
814
1717
980
854
866
1358
1459
794
648
1156
723
1565
1024
1670
1240
1786
1336
710
1372
1037
1187
851
1239
1506
1406
1538
1441
1153
1433
1790
1377
1486
1603
1937
1168
2001
1786
2584
1054
1289
1179
1228
3266
1306
603
1125
1125
1795
1272
1112
1036
1178
1339
1058
2369
850
975
245
1291
1189
NA
1311
648
1006
1221
998
1181
1391
857
NA
1191
