0.351769911504425
0.599337748344371
0.168704156479218
0.226674641148325
0.30625
0.254013220018886
0.255360623781676
0.430939226519337
0.685236768802228
0.279124315871775
0.72782874617737
0.395750332005312
0.573006134969325
0.683229813664596
0.583038869257951
0.377358490566038
0.582690659811482
0.668292682926829
0.553260869565217
0.759962928637627
0.2
0.793388429752066
0.0907877169559413
0.214775725593667
0.315625
0.178188899707887
0.47975352112676
0.560846560846561
0.227636849132176
0.501035196687371
0.792569659442725
0.385371850030731
0.377525252525253
0.573500967117988
0.66271018793274
0.354166666666667
0.575273338940286
0.221142162818955
0.683972911963883
0.67172812725958
0.498942917547569
0.462466487935657
0.310655737704918
0.501949317738791
0.75771971496437
0.295103957075788
0.437125748502994
0.671018276762402
0.575285565939772
0.700389105058366
0.5
0.466732869910626
0.642369020501139
0.739130434782609
0.713414634146341
0.246301775147929
0.369714847590954
0.8052738336714
0.391255605381166
0.28689492325856
0.49738219895288
0.352112676056338
0.116847826086956
0.756272401433692
0.357100766057749
0.419463087248322
0.758730158730159
0.141561712846348
0.226993865030675
0.170788253477589
0.726429675425039
0.716312056737589
0.683716965046888
0.403703703703704
0.74
0.31665062560154
0.286445012787724
0.703703703703704
0.45615671641791
0.532894736842105
0.586850649350649
0.565281899109792
0.207207207207207
0.601990049751244
0.453038674033149
0.520408163265306
0.726105563480742
0.638888888888889
0.745426829268293
0.747445255474453
0.742547425474255
0.764309764309764
0.656862745098039
0.671703296703297
0.567010309278351
0.418965517241379
0.337573385518591
0.32258064516129
0.663732394366197
0.134192570128885
0.368421052631579
0.720588235294118
0.433589462129528
0.371841155234657
0.318181818181818
0.683453237410072
0.730633802816901
0.330012453300125
0.765909090909091
0.456730769230769
0.404783808647654
0.344086021505376
0.394919168591224
0.44011544011544
0.218225419664269
0.495867768595041
0.750455373406193
0.170610211706102
0.450949367088608
0.552661381653454
0.614107883817427
0.388127853881278
0.726688102893891
0.423076923076923
0.39924670433145
0.354014598540146
0.219512195121951
0.652304609218437
0.347876004592423
0.351522842639594
0.348499515972894
0.772646536412078
0.665458937198068
0.621621621621622
0.617021276595745
0.342668863261944
0.14451476793249
0.206677265500795
0.40745672436751
0.195995785036881
0.325153374233129
0.163239074550129
0.244487056567593
0.394422310756972
0.253285543608124
0.121028744326778
0.281318681318681
0.434511434511434
0.259933774834437
0.2875226039783
0.137487636003956
0.3184
0.543307086614173
0.452631578947368
0.291796469366563
0.177656675749319
0.196051735874745
0.243506493506494
0.462882096069869
0.154562383612663
0.289430894308943
0.262032085561497
0.240932642487047
0.110814419225634
0.286967418546366
0.243506493506494
0.159560723514212
0.44846577498033
0.541573033707865
0.4
0.292397660818713
0.271111111111111
0.194423511680482
0.470364741641337
0.214689265536723
0.245686113393591
0.25993640699523
0.360934182590234
0.213304410701374
0.65234375
0.257560975609756
0.700214132762313
0.258167330677291
0.409574468085106
0.247311827956989
0.328558639212175
0.575862068965517
0.493865030674847
0.623225806451613
0.405021834061135
0.475095785440613
0.609210526315789
0.611238532110092
0.149350649350649
0.41685393258427
