0.243862520458265
0.0134656272147414
1.01515151515152
1.17453347969265
1.84601769911504
0.963258785942492
1.16403162055336
0.95414201183432
-0.353227771010962
0.994930291508238
0.30293501048218
1.40975609756098
1.47717842323651
0.723591549295775
0.680672268907563
1.0840197693575
1.10966057441253
0.550617283950617
1.31578947368421
0.648383937316356
0.598159509202454
0.850828729281768
1.95483870967742
7.59090909090909
4.20045045045045
4.5045045045045
1.27777777777778
0.384678747940692
0.680618744313012
0.260188087774295
3.03724137931034
5.03005464480874
0.394405594405594
1.64650283553875
2.10014727540501
0.906645569620253
2.8981288981289
1.28009259259259
0.00855745721271397
1.34113712374582
9.41279069767442
0.480463096960926
1.28769230769231
1.18994413407821
2.83798882681564
2.06324786324786
0.583948339483395
2.95882352941177
2.36057692307692
2.2306477093207
0.848214285714286
1.56765676567657
1.16336633663366
0.655131264916468
1.2208067940552
3.99101796407186
1.16942909760589
0.215712383488682
0.129129129129129
3.43534482758621
1.21606648199446
1
6.77678571428571
0.509090909090909
2.58211382113821
1.27007299270073
0.702072538860104
3.47328244274809
1.29496402877698
5.60816326530612
1.53427419354839
1.59459459459459
1.81635802469136
2.05785123966942
1.45260663507109
5.68527918781726
1.90532544378698
-0.356107660455487
4.94071146245059
0.596354166666667
0.2861562258314
0.817669172932331
1.85055643879173
1.46379647749511
0.849637681159421
2.28759894459103
1.40899357601713
10.2424242424242
1.64978902953587
0.462174940898345
0.635294117647059
0.442930153321976
0.3886925795053
0.4884437596302
-0.229032258064516
0.798802395209581
0.768240343347639
0.161473087818697
0.638257575757576
2.30982905982906
6.37
0.151515151515152
0.957860615883306
1.53767123287671
2.98026315789474
0.396332863187588
0.869976359338061
0.817028985507246
1.68398268398268
1.36738703339882
0.88061797752809
0.84297520661157
0.327710843373494
0.192034139402561
0.367292225201072
0.31974921630094
0.901826484018265
2.55944055944056
0.493783303730018
1.57391304347826
0.0866666666666666
1.12671232876712
0.567198177676538
0.928374655647383
0.417495029821073
2.59895833333333
0.339031339031339
1.71722846441948
1.38888888888889
2.23853211009174
4.13533834586466
0.740740740740741
0.858747993579454
1.22239502332815
1.39589442815249
1.2555910543131
1.20521739130435
0.519011406844107
0.886497064579256
2.01732673267327
1.44578313253012
2.8595041322314
2.08441558441558
1.48091603053435
1.60655737704918
1.50865051903114
0.773162939297125
1.23140495867769
1.89484536082474
1.11504424778761
3.82203389830509
1.21533923303835
2.37685459940653
2.61263157894737
1.846547314578
2.45918367346939
3.09382151029748
2.61514195583596
1.03921568627451
4.00253807106599
3.625
1.87037037037037
2.23708920187793
0.6931330472103
2.5303776683087
2.39058171745152
11.9931506849315
4.16905444126074
0.762857142857143
0.652883569096844
0.762264150943396
3.23861171366594
2.55361050328228
1.96331738437002
6.84615384615385
3.20879120879121
1.1791483113069
1.03236245954693
1.95176252319109
-0.0833333333333333
6.26946107784431
1.4041095890411
1.76014109347443
0.524553571428571
1.23857868020305
4.56640625
2.75229357798165
4.14454277286136
0.7609375
2.86666666666667
0.627511591962906
0.784522003034901
1.82619647355164
NA
1.125
