12.22
14.11
7.26
9.11
5.65
6.26
5.06
6.76
8.21
7.89
9.54
4.1
4.82
5.68
7.14
6.07
7.66
4.05
5.13
10.21
3.26
5.43
3.1
2.64
4.44
2.22
7.2
12.14
10.99
9.57
7.25
3.66
7.15
5.29
6.79
6.32
4.81
4.32
8.18
8.97
1.72
6.91
6.5
7.16
1.79
5.85
10.84
5.1
4.16
6.33
5.6
6.06
6.06
8.38
4.71
3.34
5.43
7.51
9.99
2.32
7.22
3.88
3.36
6.05
6.15
5.48
3.86
5.24
8.34
2.45
4.96
4.44
6.48
6.05
4.22
1.97
3.38
4.83
2.53
3.84
12.93
5.32
6.29
5.11
5.52
3.79
4.67
0.99
4.74
8.46
4.25
5.87
2.83
6.49
3.1
8.35
6.99
3.53
5.28
4.68
1
3.3
6.17
2.92
3.04
7.09
4.23
5.52
4.62
5.09
7.12
4.84
4.15
7.03
3.73
3.19
4.38
2.86
5.63
4.6
3
2.92
4.39
3.63
5.03
1.92
3.51
5.34
4.5
3.27
2.66
5.13
6.23
6.43
3.41
3.13
5.75
5.26
5.11
4.04
2.49
2.42
4.62
1.31
3.66
2.89
3.13
2.42
4.85
3.39
2.36
3.39
3.37
4.75
3.91
5.88
4.37
3.17
3.06
3.94
1.76
1.62
4.26
4.66
6.09
3.61
1.46
3.49
3.5
9.19
2.65
4.61
4.57
6.27
2.47
3.64
6.81
6.18
5.39
4.68
1.67
2.92
5.67
4.48
1.97
2.56
2.18
3.39
6.4
3.3
6.47
6.59
3.97
6.98
5.12
