9.54
11.78
18.04
20.17
8.02
5.32
9.75
9.76
9.48
11.16
12.46
7.76
12.68
14.06
7
7.59
6.07
6.37
23.03
10.77
3.11
23.65
9.91
8.11
9.44
10.75
7.14
12.88
22.52
15.94
13.86
12.98
9.2
7.41
18.27
10.15
13.86
9.21
20.74
16.37
6.3
9.48
8.61
8.36
11.44
9.22
9.33
10.03
6.63
4.07
2.65
9.51
6.42
8.25
10.61
7.39
8.2
9.82
15.05
30.08
16.65
18.23
30.85
10.57
7.68
12.45
14.86
11.5
16.34
11.14
10.36
8.3
9.55
8.4
8.72
5.25
9.28
9.24
8.57
6.43
7.37
13.12
10.32
12
20.81
9.86
14.82
10.2
8.74
17.69
3.8
9.62
15.33
25.61
9.11
19.68
4.33
8.52
5.98
7.18
6.2
11.97
10.36
9.19
15.16
9.45
11.46
8.92
7.26
10.89
4.6
14.2
8.39
10.34
7.35
10.5
7.84
3.93
9.17
11.05
7.69
5.02
6.88
4.24
9.05
7.88
9.49
6.87
4.53
11.95
5.45
8.05
4.85
8.44
9.39
11.28
NA
22.48
11.89
9.22
9.74
11.16
10.69
7.95
8.04
4.16
9.82
11.31
12.53
3.74
12.22
7.52
8.54
13.53
9
11.21
8.96
14.89
6.65
11.63
11.08
13.9
8.23
7.35
6.47
11.56
9.74
4.78
4.55
7.31
10.09
6.01
6.41
4.67
11.1
5.23
7.33
9.29
9.76
8.09
8.15
10.26
4.74
6.51
5.36
5.34
4.87
5.45
6.08
10.57
6.03
7.37
6.28
10.43
6.89
10.27
9.24
7.6
7.44
11.91
3.53
7.72
13.54
13.5
10.95
10.36
9.21
8.68
8.69
8.74
9.64
16.91
9.82
7.6
9.86
22.73
15.23
12.27
16.64
19.09
8.7
8.77
11.69
20.88
11.81
16.92
23.11
11.64
8.35
8.62
11.39
9.76
9.75
14.21
13.71
13.26
13.2
16.33
11.38
11.11
14.48
11.84
15.03
19.63
11.68
9.92
10.46
9.83
9.77
8.56
14.95
11.75
11.09
7.03
10.98
8.35
10.82
9.47
11.2
10.75
12.36
7.56
13.9
10.41
8.85
23.86
13.71
9.71
8.86
12.9
10.21
25.3
15.37
12.52
13.66
10.06
10.24
5.74
16.22
