3.39
2.06
2.11
2.13
1.6
1.26
1.35
2.1
1.94
1.36
1.77
2.06
1.83
1.81
1.36
1.66
1.27
0.8
1.89
1.59
1.87
2.28
2.04
1.91
2.26
1.99
1.74
2.11
2.9
2.28
2.04
1.87
2.28
1.87
2.47
1.78
1.98
1.55
2.34
2.3
1.95
2.02
1.63
2.01
2
1.54
1.91
1.47
1.62
1.96
1.26
1.53
1.94
1.71
2.16
2.14
2.46
1.93
1.77
2.25
2.05
2.25
2.43
1.33
1.34
2.36
1.63
1.7
2.1
1.31
2.1
1.46
2.04
2.16
1.1
1.87
0.63
2.1
2.03
1.79
1.59
2.57
1.43
2.51
2.41
1.83
1.78
1.93
2.04
2.35
2.08
1.01
2.11
1.96
2.37
2
1.41
1.79
1.78
2.25
1.4
1.98
1.32
1.47
2.03
2.2
1.31
2.7
1.63
1.07
0.3
1.7
1.53
1.85
1.46
1.26
1.48
2.03
1.48
1.35
1.87
2.08
0.97
0.97
0.87
1.57
1.98
2.02
1.96
1.82
1.53
1.21
1.74
1.47
1.42
2.02
1.83
1.52
1.61
1.16
1.1
1.27
1.36
1.55
1.19
1.65
1.43
1.66
2.04
2.08
1.98
1.9
1.32
2.36
1.19
1.96
1.71
1.75
1.39
1.93
1.92
2.22
0.74
1.92
1.8
1.03
1.56
1.86
0.53
1.53
1.27
1.71
1.17
1.99
1.94
1.2
1.18
1.22
1.78
1.28
0.95
2.15
1.09
1.69
1.25
2.08
2.06
0.89
2.03
1.58
1.68
1.35
0.91
1.42
0.99
1.17
2
1.32
1.55
1.03
0.45
1.15
1.46
1.54
1.38
1.45
1.43
1.92
1.22
1.12
1.75
1.49
1.03
1.91
1.7
1
1.49
1.59
2.36
2.43
0.72
0.8
1.76
2.18
1.07
1.62
2.21
1.27
1.35
1.06
1.34
2.34
1.02
2
1.99
1.45
2.11
1.92
1.38
1.31
1.57
0.92
2.19
1.89
1.31
1.94
1.53
1.51
0.78
1.72
1.9
1.75
1.64
1.35
1.23
0.84
1.69
1.17
1.28
0.81
1
0.37
1.48
0.89
0.74
2.41
2.48
1.87
1.58
2.5
1.25
2.19
1.65
1.83
1.48
1.67
0.77
1.39
1.84
