1.8141592920354
4.71844660194175
7.54976303317536
8.46948356807512
4.0125
3.22222222222222
6.22222222222222
3.64761904761905
3.88659793814433
7.20588235294118
6.03954802259887
2.76699029126214
5.92896174863388
6.76795580110497
4.14705882352941
3.57228915662651
3.77952755905512
6.9625
11.1851851851852
5.77358490566038
0.663101604278075
9.37280701754386
3.8578431372549
3.24607329842932
3.17699115044248
4.40201005025126
3.10344827586207
5.1042654028436
6.76551724137931
5.99122807017544
5.79411764705882
5.94117647058823
3.03508771929825
2.96256684491979
6.39676113360324
4.70224719101124
6
4.94193548387097
7.86324786324786
6.11739130434783
2.23076923076923
3.69306930693069
4.28220858895706
3.1592039800995
4.72
4.98701298701299
3.8848167539267
5.82312925170068
3.09259259259259
1.0765306122449
1.1031746031746
5.2156862745098
2.30927835051546
3.82456140350877
3.91203703703704
2.45327102803738
2.33333333333333
4.0880829015544
7.50282485875706
12.3688888888889
7.12195121951219
7.10222222222222
11.6954732510288
6.94736842105263
4.73134328358209
4.27542372881356
8.11656441717792
5.76470588235294
6.78095238095238
7.50381679389313
3.93333333333333
4.68493150684932
3.68137254901961
2.88888888888889
6.92727272727273
1.80748663101604
13.7301587301587
3.4
3.22167487684729
2.59217877094972
3.63522012578616
4.10505836575875
6.21678321678322
3.7808764940239
7.63485477178423
4.3879781420765
7.32584269662921
4.28497409326425
3.2843137254902
6.52765957446809
0.826923076923077
8.52475247524752
6.2654028436019
12.0663265306122
2.84388185654008
8.84
2.0709219858156
3.75977653631285
2.35955056179775
2.19111111111111
3.42857142857143
5.04545454545455
6.84848484848485
5.25170068027211
6.4679802955665
3.29545454545454
7.74809160305344
2.3037037037037
3.45398773006135
9.17757009345794
14.3333333333333
7.35294117647059
4.48366013071895
4.58918918918919
4.03424657534247
7.33333333333333
4.2972972972973
0.935960591133005
5.19594594594595
7.18518518518519
3.11229946524064
1.41346153846154
6.09278350515464
3.37113402061856
9.40229885057471
4.01910828025478
3.79292929292929
2.4009900990099
1.31122448979592
5.56593406593406
2.56209150326797
5.65289256198347
1.78735632183908
4.74149659863946
5.61267605633803
4.58415841584158
NA
13.7894736842105
6.38509316770186
6.94827586206897
7.85454545454545
7.78740157480315
6.86029411764706
4.12903225806452
5.7563025210084
1.52121212121212
5.86713286713287
5.81325301204819
5.1421568627451
0.798076923076923
5.17171717171717
2.9578947368421
5.46969696969697
4.73305084745763
6.56302521008403
4.71938775510204
4.23976608187135
7.50857142857143
3.7841726618705
5.0259067357513
4.77083333333333
5.26126126126126
10.1216216216216
2.828125
2.59444444444444
10.2233009708738
5.24358974358974
1.56989247311828
7.58490566037736
3.77777777777778
6.94488188976378
2.51461988304094
4.47863247863248
1.34673366834171
4.72164948453608
3.35833333333333
5.21186440677966
6.61475409836065
4.48314606741573
5.3203125
7.57894736842105
3.77209302325581
3.34862385321101
2.85207100591716
3.288
1.56730769230769
1.36407766990291
5.12359550561798
1.99507389162562
5.68987341772152
2.58928571428571
4.45925925925926
5.9010989010989
6.34507042253521
5.95959595959596
7.77777777777778
3.62
4.75757575757576
3.8
10.5631067961165
6.84444444444444
5.71304347826087
8.27397260273973
7.76623376623377
6.93478260869565
6.1448275862069
5.44055944055944
3.52083333333333
6.12295081967213
6.80357142857143
4.50857142857143
10.3489932885906
8.53398058252427
2.97905759162304
4.8
21.73
9.22147651006711
6.71698113207547
6.05084745762712
6.8559670781893
11.0833333333333
9.9625
5.64204545454545
8.57798165137615
10.0373831775701
9.44444444444444
9.45701357466063
8.16535433070866
5.18518518518519
7.13207547169811
7.5
3.17094017094017
8.55882352941176
6.105
5.8894472361809
8.1448275862069
5.25592417061611
7.50520833333333
7.2463768115942
7.48091603053435
8.22292993630573
11.8695652173913
5.86301369863014
9.38624338624339
7.91603053435114
4.11340206185567
5.83660130718954
5.50993377483444
11.525641025641
3.97674418604651
6.86842105263158
5.71428571428571
5.76219512195122
4.20740740740741
7.92682926829268
8.94047619047619
5.40236686390533
7.0940170940171
7.75
12.2716049382716
11.36
19.4324324324324
8.39189189189189
10.6966292134831
10.9594594594595
8.90041493775933
4.52822580645161
4.19251336898396
4.60759493670886
4.16
7.168
10.5525114155251
8.31515151515151
5.84153005464481
8.22972972972973
5.02395209580838
12.2987012987013
3.1294964028777
7.81521739130435
