0.50253807106599
0.284313725490196
0.302715654952077
0.155835543766578
0.591911764705882
0.270142180094787
0.0971184631803627
0.221948212083847
0.16991341991342
0.448195576251455
0.313976377952756
0.455737704918033
0.355576739752145
0.319783197831978
0.154929577464789
0.133333333333333
0.279411764705882
0.283464566929134
0.242524916943522
0.107210626185958
0.35632183908046
0.305894848645778
0.19390243902439
0.268436578171091
0.144329896907217
0.396530359355638
0.389130434782609
0.351290684624018
0.196600566572238
0.225683890577508
0.228070175438597
0.376734258271078
0.411764705882353
0.3668430335097
0.267459138187222
0.571030640668524
0.348411934552454
0.413629160063391
0.290870488322718
0.226897069872277
0.720763723150358
0.241092636579572
0.226869455006337
0.259433962264151
0.104401228249744
0.184544405997693
0.130285714285714
0.10082304526749
0.510822510822511
0.704761904761905
0.342222222222222
0.168758716875872
0.176691729323308
0.198657718120805
0.190823774765381
0.730407523510972
0.493023255813954
0.690993788819876
0.494273127753304
0.176615891313298
0.362198795180723
0.191387559808612
0.451685393258427
0.350340136054422
0.589531680440771
0.386917960088692
0.296121097445601
0.358862144420131
0.301798279906177
0.238624873609707
0.262233375156838
0.224310776942356
0.165148063781321
0.366666666666667
0.340974212034384
0.49171270718232
0.107587768969422
0.238770685579196
0.0948905109489051
0.317813765182186
0.161739130434783
0.540365984930032
0.201197604790419
0.27151051625239
0.267933782955242
0.116402116402116
0.424610051993068
0.243478260869565
0.525078369905956
0.299039780521262
0.660714285714286
0.132803632236095
0.728038507821901
0.25451647183847
0.268886043533931
0.210098665118979
0.394029850746269
0.516339869281046
0.298701298701299
0.180851063829787
0.265384615384615
0.280082987551867
0.0867810292633703
0.107300884955752
0.276100086281277
0.380829015544041
0.0880782918149466
0.504413619167718
0.182328190743338
0.121304791029562
0.32069970845481
0.359318996415771
0.11244019138756
0.286848072562358
0.346491228070175
0.359375
0.316455696202532
0.763392857142857
0.111237230419977
0.343493552168816
0.16010498687664
0.275938189845475
0.375510204081633
0.387820512820513
0.133663366336634
0.50814332247557
0.384937238493724
0.49908592321755
0.44375
0.441048034934498
0.189620758483034
0.64065335753176
0.62125340599455
0.316931982633864
0.161830357142857
0.274509803921569
0.403963414634146
0.167990919409762
0.335585585585586
0.419858156028369
0.515027322404372
0.375152253349574
0.355311355311355
0.175603217158177
0.625
0.472222222222222
0.515580736543909
0.269823788546256
0.425465838509317
0.642384105960265
0.368809272918862
0.553539019963702
0.12781954887218
0.294460641399417
0.106459330143541
0.355971896955503
0.316023738872404
0.256539235412475
0.187175043327556
0.240085744908896
0.347533632286995
0.306466729147141
0.594646271510516
0.435314685314685
0.155
0.363528009535161
0.425
0.498461538461539
0.376044568245125
0.397689768976898
0.48738379814077
0.447463768115942
0.213780918727915
0.452247191011236
0.317351598173516
0.282710280373832
0.144314868804665
0.130588235294118
0.105431309904153
0.613259668508287
0.384024577572965
0.194791666666667
0.490358126721763
0.373015873015873
0.284116331096197
0.557971014492754
0.662889518413598
0.310843373493976
0.268292682926829
0.328850855745721
0.0971223021582734
0.274086378737541
0.253333333333333
0.357053682896379
0.121042830540037
0.409488139825218
0.531545741324921
0.102564102564103
0.277074542897328
NA
0.363636363636364
0.480412371134021
0.329972502291476
0.377376425855513
0.504261363636364
0.547116736990155
0.167247386759582
0.11244019138756
0.0998810939357907
0.0528169014084506
0.225026288117771
0.309119010819165
0.260645161290323
0.38664323374341
0.466760961810467
0.236636971046771
0.286078098471986
0.208201892744479
0.262426900584795
0.194989844278944
0.30945558739255
0.123471882640587
0.500627352572146
0.24390243902439
0.0921052631578948
0.304123711340206
0.184878587196468
0.495641344956413
0.588141025641026
0.365139949109415
0.111310592459605
0.340080971659919
0.186486486486487
0.322314049586777
0.284463894967177
0.261171797418073
0.411764705882353
0.275700934579439
0.441001191895113
0.117082533589251
0.452611218568665
0.102404274265361
0.327630453378956
0.256561679790026
0.125556544968833
0.275380710659898
0.451697127937337
0.121505376344086
0.223990208078335
0.156327543424318
0.34144222415291
0.359649122807017
0.496947496947497
0.442125237191651
0.184807256235828
0.328593996840442
0.597421203438395
0.568
0.110266159695818
0.704607046070461
0.0891341256366722
0.214285714285714
0.475941422594142
0.0816326530612246
0.12484993997599
0.401298701298701
0.39179104477612
0.363387978142077
0.241956241956242
0.414807302231237
0.715867158671587
0.316693505099302
0.456479690522244
0.427758816837315
0.114001530221882
0.636513157894737
0.548295454545454
0.574074074074074
0.319335083114611
