1792
1189
1373
1730
1393
961
784
1218
398
1898
1163
1307
2173
1435
1592
335
704
623
1444
818
1643
2594
1728
1113
NA
1235
1372
1971
2245
1728
2421
2034
2430
2195
2604
936
1198
1241
1452
881
757
1838
614
1637
1113
1073
320
327
1012
744
2221
1104
2393
570
554
734
544
1128
1035
1125
1252
NA
1259
1055
1139
1628
2119
846
1329
365
1853
824
1040
1530
659
1328
312
888
230
1419
2341
767
878
474
1618
296
1040
1827
797
1052
556
485
3148
664
371
977
961
1190
1453
982
1307
1437
613
963
1787
1312
1241
647
942
641
1910
1027
337
1826
371
795
2687
1175
321
800
267
399
1407
1184
614
1420
1202
1889
763
903
576
1394
1014
1565
NA
1508
1411
1547
1097
1582
1012
896
1044
1191
599
1201
1164
1888
1272
1869
1877
1348
650
1727
739
1262
940
3668
972
1293
946
869
819
803
346
1225
1191
492
1004
1806
945
968
1076
1248
1542
1623
876
1023
923
1650
744
490
553
1350
1364
1136
738
627
1376
784
228
882
914
1012
2055
1627
1133
222
596
1781
561
1497
2155
1731
1270
1427
1039
833
685
461
1240
1503
2808
2032
1344
1432
1823
1999
1604
1118
1498
1334
2973
1079
271
1878
1960
1973
2226
381
439
1588
2018
1681
1979
1419
1151
890
1451
369
1046
397
1002
873
535
1290
1479
487
806
532
952
1706
1178
898
992
1136
1160
1192
430
1133
383
915
1325
766
665
2459
1228
1720
1230
1600
856
1253
990
3666
621
2586
2328
861
1974
